Input Row Number:Input Colume Number:Input Mininum Number:Input Maximum Number:Input must >= minimum
Input Maximum Number:      1817      1091      1340      1508      1567      1692      1661      1994      1217      1448
      1836      1742      1823      1066      1143      1773      1757      1839      1088      1773
      1492      1723      1782      1655      1871      1752      1494      1972      1787      1730
      1056      1043      1530      1088      1994      1865      1179      1707      1639      1901
      1665      1034      1004      1701      1854      1021      1403      1006      1810      1926
      1804      1364      1552      1484      1661      1577      1674      1167      1888      1873
      1542      1429      1376      1985      1375      1199      1647      1953      1984      1010
      1827      1919      1360      1156      1226      1611      1191      1590      1835      1870
      1467      1043      1996      1064      1450      1588      1204      1963      1533      1721
      1977      1442      1019      1370      1925      1433      1370      1255      1270      1750
